Hello OpenCV!
The size of types: 
sizeof(char)      = 1
sizeof(uchar)     = 1
sizeof(int)       = 4
sizeof(uint)      = 4
sizeof(short)     = 2
sizeof(ushort)    = 2
sizeof(long)      = 8
sizeof(ulong)     = 8
sizeof(long long) = 8
sizeof(float)     = 4
sizeof(double)    = 8
=== SLFusion ===

The image size is (3008, 4112)
MCIELab matrix type = 16
MCIELab matrix type = 16
The sum of all elements of ../data/SLFusion/dmL.npy is 427353 with 150681 positive values.
paddedImage: rows = 3046, cols = 4150
mKernelSize = 3
mNumKernels = 13
Row index map: (mIM.mIndexMapRow)
 1  1  1  1  1  1  1  1  1  1  1  1  1  1  1  1  1  1  1  1  1  1  1  1  1  1  1  1  1  1  1  1  1  1  1  1  1  1  1
 1  1  1  1  1  1  1  1  1  1  1  1  1  1  1  1  1  1  1  1  1  1  1  1  1  1  1  1  1  1  1  1  1  1  1  1  1  1  1
 1  1  1  1  1  1  1  1  1  1  1  1  1  1  1  1  1  1  1  1  1  1  1  1  1  1  1  1  1  1  1  1  1  1  1  1  1  1  1
 4  4  4  4  4  4  4  4  4  4  4  4  4  4  4  4  4  4  4  4  4  4  4  4  4  4  4  4  4  4  4  4  4  4  4  4  4  4  4
 4  4  4  4  4  4  4  4  4  4  4  4  4  4  4  4  4  4  4  4  4  4  4  4  4  4  4  4  4  4  4  4  4  4  4  4  4  4  4
 4  4  4  4  4  4  4  4  4  4  4  4  4  4  4  4  4  4  4  4  4  4  4  4  4  4  4  4  4  4  4  4  4  4  4  4  4  4  4
 7  7  7  7  7  7  7  7  7  7  7  7  7  7  7  7  7  7  7  7  7  7  7  7  7  7  7  7  7  7  7  7  7  7  7  7  7  7  7
 7  7  7  7  7  7  7  7  7  7  7  7  7  7  7  7  7  7  7  7  7  7  7  7  7  7  7  7  7  7  7  7  7  7  7  7  7  7  7
 7  7  7  7  7  7  7  7  7  7  7  7  7  7  7  7  7  7  7  7  7  7  7  7  7  7  7  7  7  7  7  7  7  7  7  7  7  7  7
10 10 10 10 10 10 10 10 10 10 10 10 10 10 10 10 10 10 10 10 10 10 10 10 10 10 10 10 10 10 10 10 10 10 10 10 10 10 10
10 10 10 10 10 10 10 10 10 10 10 10 10 10 10 10 10 10 10 10 10 10 10 10 10 10 10 10 10 10 10 10 10 10 10 10 10 10 10
10 10 10 10 10 10 10 10 10 10 10 10 10 10 10 10 10 10 10 10 10 10 10 10 10 10 10 10 10 10 10 10 10 10 10 10 10 10 10
13 13 13 13 13 13 13 13 13 13 13 13 13 13 13 13 13 13 13 13 13 13 13 13 13 13 13 13 13 13 13 13 13 13 13 13 13 13 13
13 13 13 13 13 13 13 13 13 13 13 13 13 13 13 13 13 13 13 13 13 13 13 13 13 13 13 13 13 13 13 13 13 13 13 13 13 13 13
13 13 13 13 13 13 13 13 13 13 13 13 13 13 13 13 13 13 13 13 13 13 13 13 13 13 13 13 13 13 13 13 13 13 13 13 13 13 13
16 16 16 16 16 16 16 16 16 16 16 16 16 16 16 16 16 16 16 16 16 16 16 16 16 16 16 16 16 16 16 16 16 16 16 16 16 16 16
16 16 16 16 16 16 16 16 16 16 16 16 16 16 16 16 16 16 16 16 16 16 16 16 16 16 16 16 16 16 16 16 16 16 16 16 16 16 16
16 16 16 16 16 16 16 16 16 16 16 16 16 16 16 16 16 16 16 16 16 16 16 16 16 16 16 16 16 16 16 16 16 16 16 16 16 16 16
19 19 19 19 19 19 19 19 19 19 19 19 19 19 19 19 19 19 19 19 19 19 19 19 19 19 19 19 19 19 19 19 19 19 19 19 19 19 19
19 19 19 19 19 19 19 19 19 19 19 19 19 19 19 19 19 19 19 19 19 19 19 19 19 19 19 19 19 19 19 19 19 19 19 19 19 19 19
19 19 19 19 19 19 19 19 19 19 19 19 19 19 19 19 19 19 19 19 19 19 19 19 19 19 19 19 19 19 19 19 19 19 19 19 19 19 19
22 22 22 22 22 22 22 22 22 22 22 22 22 22 22 22 22 22 22 22 22 22 22 22 22 22 22 22 22 22 22 22 22 22 22 22 22 22 22
22 22 22 22 22 22 22 22 22 22 22 22 22 22 22 22 22 22 22 22 22 22 22 22 22 22 22 22 22 22 22 22 22 22 22 22 22 22 22
22 22 22 22 22 22 22 22 22 22 22 22 22 22 22 22 22 22 22 22 22 22 22 22 22 22 22 22 22 22 22 22 22 22 22 22 22 22 22
25 25 25 25 25 25 25 25 25 25 25 25 25 25 25 25 25 25 25 25 25 25 25 25 25 25 25 25 25 25 25 25 25 25 25 25 25 25 25
25 25 25 25 25 25 25 25 25 25 25 25 25 25 25 25 25 25 25 25 25 25 25 25 25 25 25 25 25 25 25 25 25 25 25 25 25 25 25
25 25 25 25 25 25 25 25 25 25 25 25 25 25 25 25 25 25 25 25 25 25 25 25 25 25 25 25 25 25 25 25 25 25 25 25 25 25 25
28 28 28 28 28 28 28 28 28 28 28 28 28 28 28 28 28 28 28 28 28 28 28 28 28 28 28 28 28 28 28 28 28 28 28 28 28 28 28
28 28 28 28 28 28 28 28 28 28 28 28 28 28 28 28 28 28 28 28 28 28 28 28 28 28 28 28 28 28 28 28 28 28 28 28 28 28 28
28 28 28 28 28 28 28 28 28 28 28 28 28 28 28 28 28 28 28 28 28 28 28 28 28 28 28 28 28 28 28 28 28 28 28 28 28 28 28
31 31 31 31 31 31 31 31 31 31 31 31 31 31 31 31 31 31 31 31 31 31 31 31 31 31 31 31 31 31 31 31 31 31 31 31 31 31 31
31 31 31 31 31 31 31 31 31 31 31 31 31 31 31 31 31 31 31 31 31 31 31 31 31 31 31 31 31 31 31 31 31 31 31 31 31 31 31
31 31 31 31 31 31 31 31 31 31 31 31 31 31 31 31 31 31 31 31 31 31 31 31 31 31 31 31 31 31 31 31 31 31 31 31 31 31 31
34 34 34 34 34 34 34 34 34 34 34 34 34 34 34 34 34 34 34 34 34 34 34 34 34 34 34 34 34 34 34 34 34 34 34 34 34 34 34
34 34 34 34 34 34 34 34 34 34 34 34 34 34 34 34 34 34 34 34 34 34 34 34 34 34 34 34 34 34 34 34 34 34 34 34 34 34 34
34 34 34 34 34 34 34 34 34 34 34 34 34 34 34 34 34 34 34 34 34 34 34 34 34 34 34 34 34 34 34 34 34 34 34 34 34 34 34
37 37 37 37 37 37 37 37 37 37 37 37 37 37 37 37 37 37 37 37 37 37 37 37 37 37 37 37 37 37 37 37 37 37 37 37 37 37 37
37 37 37 37 37 37 37 37 37 37 37 37 37 37 37 37 37 37 37 37 37 37 37 37 37 37 37 37 37 37 37 37 37 37 37 37 37 37 37
37 37 37 37 37 37 37 37 37 37 37 37 37 37 37 37 37 37 37 37 37 37 37 37 37 37 37 37 37 37 37 37 37 37 37 37 37 37 37
Column index map: (mIM.mIndexMapCol)
 1  1  1  4  4  4  7  7  7 10 10 10 13 13 13 16 16 16 19 19 19 22 22 22 25 25 25 28 28 28 31 31 31 34 34 34 37 37 37
 1  1  1  4  4  4  7  7  7 10 10 10 13 13 13 16 16 16 19 19 19 22 22 22 25 25 25 28 28 28 31 31 31 34 34 34 37 37 37
 1  1  1  4  4  4  7  7  7 10 10 10 13 13 13 16 16 16 19 19 19 22 22 22 25 25 25 28 28 28 31 31 31 34 34 34 37 37 37
 1  1  1  4  4  4  7  7  7 10 10 10 13 13 13 16 16 16 19 19 19 22 22 22 25 25 25 28 28 28 31 31 31 34 34 34 37 37 37
 1  1  1  4  4  4  7  7  7 10 10 10 13 13 13 16 16 16 19 19 19 22 22 22 25 25 25 28 28 28 31 31 31 34 34 34 37 37 37
 1  1  1  4  4  4  7  7  7 10 10 10 13 13 13 16 16 16 19 19 19 22 22 22 25 25 25 28 28 28 31 31 31 34 34 34 37 37 37
 1  1  1  4  4  4  7  7  7 10 10 10 13 13 13 16 16 16 19 19 19 22 22 22 25 25 25 28 28 28 31 31 31 34 34 34 37 37 37
 1  1  1  4  4  4  7  7  7 10 10 10 13 13 13 16 16 16 19 19 19 22 22 22 25 25 25 28 28 28 31 31 31 34 34 34 37 37 37
 1  1  1  4  4  4  7  7  7 10 10 10 13 13 13 16 16 16 19 19 19 22 22 22 25 25 25 28 28 28 31 31 31 34 34 34 37 37 37
 1  1  1  4  4  4  7  7  7 10 10 10 13 13 13 16 16 16 19 19 19 22 22 22 25 25 25 28 28 28 31 31 31 34 34 34 37 37 37
 1  1  1  4  4  4  7  7  7 10 10 10 13 13 13 16 16 16 19 19 19 22 22 22 25 25 25 28 28 28 31 31 31 34 34 34 37 37 37
 1  1  1  4  4  4  7  7  7 10 10 10 13 13 13 16 16 16 19 19 19 22 22 22 25 25 25 28 28 28 31 31 31 34 34 34 37 37 37
 1  1  1  4  4  4  7  7  7 10 10 10 13 13 13 16 16 16 19 19 19 22 22 22 25 25 25 28 28 28 31 31 31 34 34 34 37 37 37
 1  1  1  4  4  4  7  7  7 10 10 10 13 13 13 16 16 16 19 19 19 22 22 22 25 25 25 28 28 28 31 31 31 34 34 34 37 37 37
 1  1  1  4  4  4  7  7  7 10 10 10 13 13 13 16 16 16 19 19 19 22 22 22 25 25 25 28 28 28 31 31 31 34 34 34 37 37 37
 1  1  1  4  4  4  7  7  7 10 10 10 13 13 13 16 16 16 19 19 19 22 22 22 25 25 25 28 28 28 31 31 31 34 34 34 37 37 37
 1  1  1  4  4  4  7  7  7 10 10 10 13 13 13 16 16 16 19 19 19 22 22 22 25 25 25 28 28 28 31 31 31 34 34 34 37 37 37
 1  1  1  4  4  4  7  7  7 10 10 10 13 13 13 16 16 16 19 19 19 22 22 22 25 25 25 28 28 28 31 31 31 34 34 34 37 37 37
 1  1  1  4  4  4  7  7  7 10 10 10 13 13 13 16 16 16 19 19 19 22 22 22 25 25 25 28 28 28 31 31 31 34 34 34 37 37 37
 1  1  1  4  4  4  7  7  7 10 10 10 13 13 13 16 16 16 19 19 19 22 22 22 25 25 25 28 28 28 31 31 31 34 34 34 37 37 37
 1  1  1  4  4  4  7  7  7 10 10 10 13 13 13 16 16 16 19 19 19 22 22 22 25 25 25 28 28 28 31 31 31 34 34 34 37 37 37
 1  1  1  4  4  4  7  7  7 10 10 10 13 13 13 16 16 16 19 19 19 22 22 22 25 25 25 28 28 28 31 31 31 34 34 34 37 37 37
 1  1  1  4  4  4  7  7  7 10 10 10 13 13 13 16 16 16 19 19 19 22 22 22 25 25 25 28 28 28 31 31 31 34 34 34 37 37 37
 1  1  1  4  4  4  7  7  7 10 10 10 13 13 13 16 16 16 19 19 19 22 22 22 25 25 25 28 28 28 31 31 31 34 34 34 37 37 37
 1  1  1  4  4  4  7  7  7 10 10 10 13 13 13 16 16 16 19 19 19 22 22 22 25 25 25 28 28 28 31 31 31 34 34 34 37 37 37
 1  1  1  4  4  4  7  7  7 10 10 10 13 13 13 16 16 16 19 19 19 22 22 22 25 25 25 28 28 28 31 31 31 34 34 34 37 37 37
 1  1  1  4  4  4  7  7  7 10 10 10 13 13 13 16 16 16 19 19 19 22 22 22 25 25 25 28 28 28 31 31 31 34 34 34 37 37 37
 1  1  1  4  4  4  7  7  7 10 10 10 13 13 13 16 16 16 19 19 19 22 22 22 25 25 25 28 28 28 31 31 31 34 34 34 37 37 37
 1  1  1  4  4  4  7  7  7 10 10 10 13 13 13 16 16 16 19 19 19 22 22 22 25 25 25 28 28 28 31 31 31 34 34 34 37 37 37
 1  1  1  4  4  4  7  7  7 10 10 10 13 13 13 16 16 16 19 19 19 22 22 22 25 25 25 28 28 28 31 31 31 34 34 34 37 37 37
 1  1  1  4  4  4  7  7  7 10 10 10 13 13 13 16 16 16 19 19 19 22 22 22 25 25 25 28 28 28 31 31 31 34 34 34 37 37 37
 1  1  1  4  4  4  7  7  7 10 10 10 13 13 13 16 16 16 19 19 19 22 22 22 25 25 25 28 28 28 31 31 31 34 34 34 37 37 37
 1  1  1  4  4  4  7  7  7 10 10 10 13 13 13 16 16 16 19 19 19 22 22 22 25 25 25 28 28 28 31 31 31 34 34 34 37 37 37
 1  1  1  4  4  4  7  7  7 10 10 10 13 13 13 16 16 16 19 19 19 22 22 22 25 25 25 28 28 28 31 31 31 34 34 34 37 37 37
 1  1  1  4  4  4  7  7  7 10 10 10 13 13 13 16 16 16 19 19 19 22 22 22 25 25 25 28 28 28 31 31 31 34 34 34 37 37 37
 1  1  1  4  4  4  7  7  7 10 10 10 13 13 13 16 16 16 19 19 19 22 22 22 25 25 25 28 28 28 31 31 31 34 34 34 37 37 37
 1  1  1  4  4  4  7  7  7 10 10 10 13 13 13 16 16 16 19 19 19 22 22 22 25 25 25 28 28 28 31 31 31 34 34 34 37 37 37
 1  1  1  4  4  4  7  7  7 10 10 10 13 13 13 16 16 16 19 19 19 22 22 22 25 25 25 28 28 28 31 31 31 34 34 34 37 37 37
 1  1  1  4  4  4  7  7  7 10 10 10 13 13 13 16 16 16 19 19 19 22 22 22 25 25 25 28 28 28 31 31 31 34 34 34 37 37 37
Kernel index row: (mIM.KnlIdxRow)
 0  0  0  0  0  0  0  0  0  0  0  0  0  0  0  0  0  0  0  0  0  0  0  0  0  0  0  0  0  0  0  0  0  0  0  0  0  0  0
 0  0  0  0  0  0  0  0  0  0  0  0  0  0  0  0  0  0  0  0  0  0  0  0  0  0  0  0  0  0  0  0  0  0  0  0  0  0  0
 0  0  0  0  0  0  0  0  0  0  0  0  0  0  0  0  0  0  0  0  0  0  0  0  0  0  0  0  0  0  0  0  0  0  0  0  0  0  0
 1  1  1  1  1  1  1  1  1  1  1  1  1  1  1  1  1  1  1  1  1  1  1  1  1  1  1  1  1  1  1  1  1  1  1  1  1  1  1
 1  1  1  1  1  1  1  1  1  1  1  1  1  1  1  1  1  1  1  1  1  1  1  1  1  1  1  1  1  1  1  1  1  1  1  1  1  1  1
 1  1  1  1  1  1  1  1  1  1  1  1  1  1  1  1  1  1  1  1  1  1  1  1  1  1  1  1  1  1  1  1  1  1  1  1  1  1  1
 2  2  2  2  2  2  2  2  2  2  2  2  2  2  2  2  2  2  2  2  2  2  2  2  2  2  2  2  2  2  2  2  2  2  2  2  2  2  2
 2  2  2  2  2  2  2  2  2  2  2  2  2  2  2  2  2  2  2  2  2  2  2  2  2  2  2  2  2  2  2  2  2  2  2  2  2  2  2
 2  2  2  2  2  2  2  2  2  2  2  2  2  2  2  2  2  2  2  2  2  2  2  2  2  2  2  2  2  2  2  2  2  2  2  2  2  2  2
 3  3  3  3  3  3  3  3  3  3  3  3  3  3  3  3  3  3  3  3  3  3  3  3  3  3  3  3  3  3  3  3  3  3  3  3  3  3  3
 3  3  3  3  3  3  3  3  3  3  3  3  3  3  3  3  3  3  3  3  3  3  3  3  3  3  3  3  3  3  3  3  3  3  3  3  3  3  3
 3  3  3  3  3  3  3  3  3  3  3  3  3  3  3  3  3  3  3  3  3  3  3  3  3  3  3  3  3  3  3  3  3  3  3  3  3  3  3
 4  4  4  4  4  4  4  4  4  4  4  4  4  4  4  4  4  4  4  4  4  4  4  4  4  4  4  4  4  4  4  4  4  4  4  4  4  4  4
 4  4  4  4  4  4  4  4  4  4  4  4  4  4  4  4  4  4  4  4  4  4  4  4  4  4  4  4  4  4  4  4  4  4  4  4  4  4  4
 4  4  4  4  4  4  4  4  4  4  4  4  4  4  4  4  4  4  4  4  4  4  4  4  4  4  4  4  4  4  4  4  4  4  4  4  4  4  4
 5  5  5  5  5  5  5  5  5  5  5  5  5  5  5  5  5  5  5  5  5  5  5  5  5  5  5  5  5  5  5  5  5  5  5  5  5  5  5
 5  5  5  5  5  5  5  5  5  5  5  5  5  5  5  5  5  5  5  5  5  5  5  5  5  5  5  5  5  5  5  5  5  5  5  5  5  5  5
 5  5  5  5  5  5  5  5  5  5  5  5  5  5  5  5  5  5  5  5  5  5  5  5  5  5  5  5  5  5  5  5  5  5  5  5  5  5  5
 6  6  6  6  6  6  6  6  6  6  6  6  6  6  6  6  6  6  6  6  6  6  6  6  6  6  6  6  6  6  6  6  6  6  6  6  6  6  6
 6  6  6  6  6  6  6  6  6  6  6  6  6  6  6  6  6  6  6  6  6  6  6  6  6  6  6  6  6  6  6  6  6  6  6  6  6  6  6
 6  6  6  6  6  6  6  6  6  6  6  6  6  6  6  6  6  6  6  6  6  6  6  6  6  6  6  6  6  6  6  6  6  6  6  6  6  6  6
 7  7  7  7  7  7  7  7  7  7  7  7  7  7  7  7  7  7  7  7  7  7  7  7  7  7  7  7  7  7  7  7  7  7  7  7  7  7  7
 7  7  7  7  7  7  7  7  7  7  7  7  7  7  7  7  7  7  7  7  7  7  7  7  7  7  7  7  7  7  7  7  7  7  7  7  7  7  7
 7  7  7  7  7  7  7  7  7  7  7  7  7  7  7  7  7  7  7  7  7  7  7  7  7  7  7  7  7  7  7  7  7  7  7  7  7  7  7
 8  8  8  8  8  8  8  8  8  8  8  8  8  8  8  8  8  8  8  8  8  8  8  8  8  8  8  8  8  8  8  8  8  8  8  8  8  8  8
 8  8  8  8  8  8  8  8  8  8  8  8  8  8  8  8  8  8  8  8  8  8  8  8  8  8  8  8  8  8  8  8  8  8  8  8  8  8  8
 8  8  8  8  8  8  8  8  8  8  8  8  8  8  8  8  8  8  8  8  8  8  8  8  8  8  8  8  8  8  8  8  8  8  8  8  8  8  8
 9  9  9  9  9  9  9  9  9  9  9  9  9  9  9  9  9  9  9  9  9  9  9  9  9  9  9  9  9  9  9  9  9  9  9  9  9  9  9
 9  9  9  9  9  9  9  9  9  9  9  9  9  9  9  9  9  9  9  9  9  9  9  9  9  9  9  9  9  9  9  9  9  9  9  9  9  9  9
 9  9  9  9  9  9  9  9  9  9  9  9  9  9  9  9  9  9  9  9  9  9  9  9  9  9  9  9  9  9  9  9  9  9  9  9  9  9  9
10 10 10 10 10 10 10 10 10 10 10 10 10 10 10 10 10 10 10 10 10 10 10 10 10 10 10 10 10 10 10 10 10 10 10 10 10 10 10
10 10 10 10 10 10 10 10 10 10 10 10 10 10 10 10 10 10 10 10 10 10 10 10 10 10 10 10 10 10 10 10 10 10 10 10 10 10 10
10 10 10 10 10 10 10 10 10 10 10 10 10 10 10 10 10 10 10 10 10 10 10 10 10 10 10 10 10 10 10 10 10 10 10 10 10 10 10
11 11 11 11 11 11 11 11 11 11 11 11 11 11 11 11 11 11 11 11 11 11 11 11 11 11 11 11 11 11 11 11 11 11 11 11 11 11 11
11 11 11 11 11 11 11 11 11 11 11 11 11 11 11 11 11 11 11 11 11 11 11 11 11 11 11 11 11 11 11 11 11 11 11 11 11 11 11
11 11 11 11 11 11 11 11 11 11 11 11 11 11 11 11 11 11 11 11 11 11 11 11 11 11 11 11 11 11 11 11 11 11 11 11 11 11 11
12 12 12 12 12 12 12 12 12 12 12 12 12 12 12 12 12 12 12 12 12 12 12 12 12 12 12 12 12 12 12 12 12 12 12 12 12 12 12
12 12 12 12 12 12 12 12 12 12 12 12 12 12 12 12 12 12 12 12 12 12 12 12 12 12 12 12 12 12 12 12 12 12 12 12 12 12 12
12 12 12 12 12 12 12 12 12 12 12 12 12 12 12 12 12 12 12 12 12 12 12 12 12 12 12 12 12 12 12 12 12 12 12 12 12 12 12
Kernel index column: (mIM.KnlIdxCol)
 0  0  0  1  1  1  2  2  2  3  3  3  4  4  4  5  5  5  6  6  6  7  7  7  8  8  8  9  9  9 10 10 10 11 11 11 12 12 12
 0  0  0  1  1  1  2  2  2  3  3  3  4  4  4  5  5  5  6  6  6  7  7  7  8  8  8  9  9  9 10 10 10 11 11 11 12 12 12
 0  0  0  1  1  1  2  2  2  3  3  3  4  4  4  5  5  5  6  6  6  7  7  7  8  8  8  9  9  9 10 10 10 11 11 11 12 12 12
 0  0  0  1  1  1  2  2  2  3  3  3  4  4  4  5  5  5  6  6  6  7  7  7  8  8  8  9  9  9 10 10 10 11 11 11 12 12 12
 0  0  0  1  1  1  2  2  2  3  3  3  4  4  4  5  5  5  6  6  6  7  7  7  8  8  8  9  9  9 10 10 10 11 11 11 12 12 12
 0  0  0  1  1  1  2  2  2  3  3  3  4  4  4  5  5  5  6  6  6  7  7  7  8  8  8  9  9  9 10 10 10 11 11 11 12 12 12
 0  0  0  1  1  1  2  2  2  3  3  3  4  4  4  5  5  5  6  6  6  7  7  7  8  8  8  9  9  9 10 10 10 11 11 11 12 12 12
 0  0  0  1  1  1  2  2  2  3  3  3  4  4  4  5  5  5  6  6  6  7  7  7  8  8  8  9  9  9 10 10 10 11 11 11 12 12 12
 0  0  0  1  1  1  2  2  2  3  3  3  4  4  4  5  5  5  6  6  6  7  7  7  8  8  8  9  9  9 10 10 10 11 11 11 12 12 12
 0  0  0  1  1  1  2  2  2  3  3  3  4  4  4  5  5  5  6  6  6  7  7  7  8  8  8  9  9  9 10 10 10 11 11 11 12 12 12
 0  0  0  1  1  1  2  2  2  3  3  3  4  4  4  5  5  5  6  6  6  7  7  7  8  8  8  9  9  9 10 10 10 11 11 11 12 12 12
 0  0  0  1  1  1  2  2  2  3  3  3  4  4  4  5  5  5  6  6  6  7  7  7  8  8  8  9  9  9 10 10 10 11 11 11 12 12 12
 0  0  0  1  1  1  2  2  2  3  3  3  4  4  4  5  5  5  6  6  6  7  7  7  8  8  8  9  9  9 10 10 10 11 11 11 12 12 12
 0  0  0  1  1  1  2  2  2  3  3  3  4  4  4  5  5  5  6  6  6  7  7  7  8  8  8  9  9  9 10 10 10 11 11 11 12 12 12
 0  0  0  1  1  1  2  2  2  3  3  3  4  4  4  5  5  5  6  6  6  7  7  7  8  8  8  9  9  9 10 10 10 11 11 11 12 12 12
 0  0  0  1  1  1  2  2  2  3  3  3  4  4  4  5  5  5  6  6  6  7  7  7  8  8  8  9  9  9 10 10 10 11 11 11 12 12 12
 0  0  0  1  1  1  2  2  2  3  3  3  4  4  4  5  5  5  6  6  6  7  7  7  8  8  8  9  9  9 10 10 10 11 11 11 12 12 12
 0  0  0  1  1  1  2  2  2  3  3  3  4  4  4  5  5  5  6  6  6  7  7  7  8  8  8  9  9  9 10 10 10 11 11 11 12 12 12
 0  0  0  1  1  1  2  2  2  3  3  3  4  4  4  5  5  5  6  6  6  7  7  7  8  8  8  9  9  9 10 10 10 11 11 11 12 12 12
 0  0  0  1  1  1  2  2  2  3  3  3  4  4  4  5  5  5  6  6  6  7  7  7  8  8  8  9  9  9 10 10 10 11 11 11 12 12 12
 0  0  0  1  1  1  2  2  2  3  3  3  4  4  4  5  5  5  6  6  6  7  7  7  8  8  8  9  9  9 10 10 10 11 11 11 12 12 12
 0  0  0  1  1  1  2  2  2  3  3  3  4  4  4  5  5  5  6  6  6  7  7  7  8  8  8  9  9  9 10 10 10 11 11 11 12 12 12
 0  0  0  1  1  1  2  2  2  3  3  3  4  4  4  5  5  5  6  6  6  7  7  7  8  8  8  9  9  9 10 10 10 11 11 11 12 12 12
 0  0  0  1  1  1  2  2  2  3  3  3  4  4  4  5  5  5  6  6  6  7  7  7  8  8  8  9  9  9 10 10 10 11 11 11 12 12 12
 0  0  0  1  1  1  2  2  2  3  3  3  4  4  4  5  5  5  6  6  6  7  7  7  8  8  8  9  9  9 10 10 10 11 11 11 12 12 12
 0  0  0  1  1  1  2  2  2  3  3  3  4  4  4  5  5  5  6  6  6  7  7  7  8  8  8  9  9  9 10 10 10 11 11 11 12 12 12
 0  0  0  1  1  1  2  2  2  3  3  3  4  4  4  5  5  5  6  6  6  7  7  7  8  8  8  9  9  9 10 10 10 11 11 11 12 12 12
 0  0  0  1  1  1  2  2  2  3  3  3  4  4  4  5  5  5  6  6  6  7  7  7  8  8  8  9  9  9 10 10 10 11 11 11 12 12 12
 0  0  0  1  1  1  2  2  2  3  3  3  4  4  4  5  5  5  6  6  6  7  7  7  8  8  8  9  9  9 10 10 10 11 11 11 12 12 12
 0  0  0  1  1  1  2  2  2  3  3  3  4  4  4  5  5  5  6  6  6  7  7  7  8  8  8  9  9  9 10 10 10 11 11 11 12 12 12
 0  0  0  1  1  1  2  2  2  3  3  3  4  4  4  5  5  5  6  6  6  7  7  7  8  8  8  9  9  9 10 10 10 11 11 11 12 12 12
 0  0  0  1  1  1  2  2  2  3  3  3  4  4  4  5  5  5  6  6  6  7  7  7  8  8  8  9  9  9 10 10 10 11 11 11 12 12 12
 0  0  0  1  1  1  2  2  2  3  3  3  4  4  4  5  5  5  6  6  6  7  7  7  8  8  8  9  9  9 10 10 10 11 11 11 12 12 12
 0  0  0  1  1  1  2  2  2  3  3  3  4  4  4  5  5  5  6  6  6  7  7  7  8  8  8  9  9  9 10 10 10 11 11 11 12 12 12
 0  0  0  1  1  1  2  2  2  3  3  3  4  4  4  5  5  5  6  6  6  7  7  7  8  8  8  9  9  9 10 10 10 11 11 11 12 12 12
 0  0  0  1  1  1  2  2  2  3  3  3  4  4  4  5  5  5  6  6  6  7  7  7  8  8  8  9  9  9 10 10 10 11 11 11 12 12 12
 0  0  0  1  1  1  2  2  2  3  3  3  4  4  4  5  5  5  6  6  6  7  7  7  8  8  8  9  9  9 10 10 10 11 11 11 12 12 12
 0  0  0  1  1  1  2  2  2  3  3  3  4  4  4  5  5  5  6  6  6  7  7  7  8  8  8  9  9  9 10 10 10 11 11 11 12 12 12
 0  0  0  1  1  1  2  2  2  3  3  3  4  4  4  5  5  5  6  6  6  7  7  7  8  8  8  9  9  9 10 10 10 11 11 11 12 12 12
Point index of the kernel, row: (mIM.mPntIdxKnlRow)
 1  1  1  1  1  1  1  1  1  1  1  1  1
 4  4  4  4  4  4  4  4  4  4  4  4  4
 7  7  7  7  7  7  7  7  7  7  7  7  7
10 10 10 10 10 10 10 10 10 10 10 10 10
13 13 13 13 13 13 13 13 13 13 13 13 13
16 16 16 16 16 16 16 16 16 16 16 16 16
19 19 19 19 19 19 19 19 19 19 19 19 19
22 22 22 22 22 22 22 22 22 22 22 22 22
25 25 25 25 25 25 25 25 25 25 25 25 25
28 28 28 28 28 28 28 28 28 28 28 28 28
31 31 31 31 31 31 31 31 31 31 31 31 31
34 34 34 34 34 34 34 34 34 34 34 34 34
37 37 37 37 37 37 37 37 37 37 37 37 37
Point index of the kernel, column: (mIM.mPntIdxKnlCol)
 1  4  7 10 13 16 19 22 25 28 31 34 37
 1  4  7 10 13 16 19 22 25 28 31 34 37
 1  4  7 10 13 16 19 22 25 28 31 34 37
 1  4  7 10 13 16 19 22 25 28 31 34 37
 1  4  7 10 13 16 19 22 25 28 31 34 37
 1  4  7 10 13 16 19 22 25 28 31 34 37
 1  4  7 10 13 16 19 22 25 28 31 34 37
 1  4  7 10 13 16 19 22 25 28 31 34 37
 1  4  7 10 13 16 19 22 25 28 31 34 37
 1  4  7 10 13 16 19 22 25 28 31 34 37
 1  4  7 10 13 16 19 22 25 28 31 34 37
 1  4  7 10 13 16 19 22 25 28 31 34 37
 1  4  7 10 13 16 19 22 25 28 31 34 37
Distance map: (mDistanceMap) 
 25  25  25  23  23  23  22  22  22  20  20  20  19  19  19  18  18  18  18  18  18  18  18  18  19  19  19  20  20  20  22  22  22  23  23  23  25  25  25
 25  25  25  23  23  23  22  22  22  20  20  20  19  19  19  18  18  18  18  18  18  18  18  18  19  19  19  20  20  20  22  22  22  23  23  23  25  25  25
 25  25  25  23  23  23  22  22  22  20  20  20  19  19  19  18  18  18  18  18  18  18  18  18  19  19  19  20  20  20  22  22  22  23  23  23  25  25  25
 23  23  23  21  21  21  19  19  19  17  17  17  16  16  16  15  15  15  15  15  15  15  15  15  16  16  16  17  17  17  19  19  19  21  21  21  23  23  23
 23  23  23  21  21  21  19  19  19  17  17  17  16  16  16  15  15  15  15  15  15  15  15  15  16  16  16  17  17  17  19  19  19  21  21  21  23  23  23
 23  23  23  21  21  21  19  19  19  17  17  17  16  16  16  15  15  15  15  15  15  15  15  15  16  16  16  17  17  17  19  19  19  21  21  21  23  23  23
 22  22  22  19  19  19  17  17  17  15  15  15  13  13  13  12  12  12  12  12  12  12  12  12  13  13  13  15  15  15  17  17  17  19  19  19  22  22  22
 22  22  22  19  19  19  17  17  17  15  15  15  13  13  13  12  12  12  12  12  12  12  12  12  13  13  13  15  15  15  17  17  17  19  19  19  22  22  22
 22  22  22  19  19  19  17  17  17  15  15  15  13  13  13  12  12  12  12  12  12  12  12  12  13  13  13  15  15  15  17  17  17  19  19  19  22  22  22
 20  20  20  17  17  17  15  15  15  13  13  13  11  11  11 9.5 9.5 9.5   9   9   9 9.5 9.5 9.5  11  11  11  13  13  13  15  15  15  17  17  17  20  20  20
 20  20  20  17  17  17  15  15  15  13  13  13  11  11  11 9.5 9.5 9.5   9   9   9 9.5 9.5 9.5  11  11  11  13  13  13  15  15  15  17  17  17  20  20  20
 20  20  20  17  17  17  15  15  15  13  13  13  11  11  11 9.5 9.5 9.5   9   9   9 9.5 9.5 9.5  11  11  11  13  13  13  15  15  15  17  17  17  20  20  20
 19  19  19  16  16  16  13  13  13  11  11  11 8.5 8.5 8.5 6.7 6.7 6.7   6   6   6 6.7 6.7 6.7 8.5 8.5 8.5  11  11  11  13  13  13  16  16  16  19  19  19
 19  19  19  16  16  16  13  13  13  11  11  11 8.5 8.5 8.5 6.7 6.7 6.7   6   6   6 6.7 6.7 6.7 8.5 8.5 8.5  11  11  11  13  13  13  16  16  16  19  19  19
 19  19  19  16  16  16  13  13  13  11  11  11 8.5 8.5 8.5 6.7 6.7 6.7   6   6   6 6.7 6.7 6.7 8.5 8.5 8.5  11  11  11  13  13  13  16  16  16  19  19  19
 18  18  18  15  15  15  12  12  12 9.5 9.5 9.5 6.7 6.7 6.7 4.2 4.2 4.2   3   3   3 4.2 4.2 4.2 6.7 6.7 6.7 9.5 9.5 9.5  12  12  12  15  15  15  18  18  18
 18  18  18  15  15  15  12  12  12 9.5 9.5 9.5 6.7 6.7 6.7 4.2 4.2 4.2   3   3   3 4.2 4.2 4.2 6.7 6.7 6.7 9.5 9.5 9.5  12  12  12  15  15  15  18  18  18
 18  18  18  15  15  15  12  12  12 9.5 9.5 9.5 6.7 6.7 6.7 4.2 4.2 4.2   3   3   3 4.2 4.2 4.2 6.7 6.7 6.7 9.5 9.5 9.5  12  12  12  15  15  15  18  18  18
 18  18  18  15  15  15  12  12  12   9   9   9   6   6   6   3   3   3   0   0   0   3   3   3   6   6   6   9   9   9  12  12  12  15  15  15  18  18  18
 18  18  18  15  15  15  12  12  12   9   9   9   6   6   6   3   3   3   0   0   0   3   3   3   6   6   6   9   9   9  12  12  12  15  15  15  18  18  18
 18  18  18  15  15  15  12  12  12   9   9   9   6   6   6   3   3   3   0   0   0   3   3   3   6   6   6   9   9   9  12  12  12  15  15  15  18  18  18
 18  18  18  15  15  15  12  12  12 9.5 9.5 9.5 6.7 6.7 6.7 4.2 4.2 4.2   3   3   3 4.2 4.2 4.2 6.7 6.7 6.7 9.5 9.5 9.5  12  12  12  15  15  15  18  18  18
 18  18  18  15  15  15  12  12  12 9.5 9.5 9.5 6.7 6.7 6.7 4.2 4.2 4.2   3   3   3 4.2 4.2 4.2 6.7 6.7 6.7 9.5 9.5 9.5  12  12  12  15  15  15  18  18  18
 18  18  18  15  15  15  12  12  12 9.5 9.5 9.5 6.7 6.7 6.7 4.2 4.2 4.2   3   3   3 4.2 4.2 4.2 6.7 6.7 6.7 9.5 9.5 9.5  12  12  12  15  15  15  18  18  18
 19  19  19  16  16  16  13  13  13  11  11  11 8.5 8.5 8.5 6.7 6.7 6.7   6   6   6 6.7 6.7 6.7 8.5 8.5 8.5  11  11  11  13  13  13  16  16  16  19  19  19
 19  19  19  16  16  16  13  13  13  11  11  11 8.5 8.5 8.5 6.7 6.7 6.7   6   6   6 6.7 6.7 6.7 8.5 8.5 8.5  11  11  11  13  13  13  16  16  16  19  19  19
 19  19  19  16  16  16  13  13  13  11  11  11 8.5 8.5 8.5 6.7 6.7 6.7   6   6   6 6.7 6.7 6.7 8.5 8.5 8.5  11  11  11  13  13  13  16  16  16  19  19  19
 20  20  20  17  17  17  15  15  15  13  13  13  11  11  11 9.5 9.5 9.5   9   9   9 9.5 9.5 9.5  11  11  11  13  13  13  15  15  15  17  17  17  20  20  20
 20  20  20  17  17  17  15  15  15  13  13  13  11  11  11 9.5 9.5 9.5   9   9   9 9.5 9.5 9.5  11  11  11  13  13  13  15  15  15  17  17  17  20  20  20
 20  20  20  17  17  17  15  15  15  13  13  13  11  11  11 9.5 9.5 9.5   9   9   9 9.5 9.5 9.5  11  11  11  13  13  13  15  15  15  17  17  17  20  20  20
 22  22  22  19  19  19  17  17  17  15  15  15  13  13  13  12  12  12  12  12  12  12  12  12  13  13  13  15  15  15  17  17  17  19  19  19  22  22  22
 22  22  22  19  19  19  17  17  17  15  15  15  13  13  13  12  12  12  12  12  12  12  12  12  13  13  13  15  15  15  17  17  17  19  19  19  22  22  22
 22  22  22  19  19  19  17  17  17  15  15  15  13  13  13  12  12  12  12  12  12  12  12  12  13  13  13  15  15  15  17  17  17  19  19  19  22  22  22
 23  23  23  21  21  21  19  19  19  17  17  17  16  16  16  15  15  15  15  15  15  15  15  15  16  16  16  17  17  17  19  19  19  21  21  21  23  23  23
 23  23  23  21  21  21  19  19  19  17  17  17  16  16  16  15  15  15  15  15  15  15  15  15  16  16  16  17  17  17  19  19  19  21  21  21  23  23  23
 23  23  23  21  21  21  19  19  19  17  17  17  16  16  16  15  15  15  15  15  15  15  15  15  16  16  16  17  17  17  19  19  19  21  21  21  23  23  23
 25  25  25  23  23  23  22  22  22  20  20  20  19  19  19  18  18  18  18  18  18  18  18  18  19  19  19  20  20  20  22  22  22  23  23  23  25  25  25
 25  25  25  23  23  23  22  22  22  20  20  20  19  19  19  18  18  18  18  18  18  18  18  18  19  19  19  20  20  20  22  22  22  23  23  23  25  25  25
 25  25  25  23  23  23  22  22  22  20  20  20  19  19  19  18  18  18  18  18  18  18  18  18  19  19  19  20  20  20  22  22  22  23  23  23  25  25  25
Point distance of kernel: (mPntDistKnl)
 25  23  22  20  19  18  18  18  19  20  22  23  25
 23  21  19  17  16  15  15  15  16  17  19  21  23
 22  19  17  15  13  12  12  12  13  15  17  19  22
 20  17  15  13  11 9.5   9 9.5  11  13  15  17  20
 19  16  13  11 8.5 6.7   6 6.7 8.5  11  13  16  19
 18  15  12 9.5 6.7 4.2   3 4.2 6.7 9.5  12  15  18
 18  15  12   9   6   3   0   3   6   9  12  15  18
 18  15  12 9.5 6.7 4.2   3 4.2 6.7 9.5  12  15  18
 19  16  13  11 8.5 6.7   6 6.7 8.5  11  13  16  19
 20  17  15  13  11 9.5   9 9.5  11  13  15  17  20
 22  19  17  15  13  12  12  12  13  15  17  19  22
 23  21  19  17  16  15  15  15  16  17  19  21  23
 25  23  22  20  19  18  18  18  19  20  22  23  25
Ws map: (mWsMap)
0.26 0.26 0.26 0.29 0.29 0.29 0.32 0.32 0.32 0.35 0.35 0.35 0.37 0.37 0.37 0.38 0.38 0.38 0.39 0.39 0.39 0.38 0.38 0.38 0.37 0.37 0.37 0.35 0.35 0.35 0.32 0.32 0.32 0.29 0.29 0.29 0.26 0.26 0.26
0.26 0.26 0.26 0.29 0.29 0.29 0.32 0.32 0.32 0.35 0.35 0.35 0.37 0.37 0.37 0.38 0.38 0.38 0.39 0.39 0.39 0.38 0.38 0.38 0.37 0.37 0.37 0.35 0.35 0.35 0.32 0.32 0.32 0.29 0.29 0.29 0.26 0.26 0.26
0.26 0.26 0.26 0.29 0.29 0.29 0.32 0.32 0.32 0.35 0.35 0.35 0.37 0.37 0.37 0.38 0.38 0.38 0.39 0.39 0.39 0.38 0.38 0.38 0.37 0.37 0.37 0.35 0.35 0.35 0.32 0.32 0.32 0.29 0.29 0.29 0.26 0.26 0.26
0.29 0.29 0.29 0.33 0.33 0.33 0.36 0.36 0.36  0.4  0.4  0.4 0.43 0.43 0.43 0.45 0.45 0.45 0.45 0.45 0.45 0.45 0.45 0.45 0.43 0.43 0.43  0.4  0.4  0.4 0.36 0.36 0.36 0.33 0.33 0.33 0.29 0.29 0.29
0.29 0.29 0.29 0.33 0.33 0.33 0.36 0.36 0.36  0.4  0.4  0.4 0.43 0.43 0.43 0.45 0.45 0.45 0.45 0.45 0.45 0.45 0.45 0.45 0.43 0.43 0.43  0.4  0.4  0.4 0.36 0.36 0.36 0.33 0.33 0.33 0.29 0.29 0.29
0.29 0.29 0.29 0.33 0.33 0.33 0.36 0.36 0.36  0.4  0.4  0.4 0.43 0.43 0.43 0.45 0.45 0.45 0.45 0.45 0.45 0.45 0.45 0.45 0.43 0.43 0.43  0.4  0.4  0.4 0.36 0.36 0.36 0.33 0.33 0.33 0.29 0.29 0.29
0.32 0.32 0.32 0.36 0.36 0.36 0.41 0.41 0.41 0.45 0.45 0.45 0.49 0.49 0.49 0.52 0.52 0.52 0.53 0.53 0.53 0.52 0.52 0.52 0.49 0.49 0.49 0.45 0.45 0.45 0.41 0.41 0.41 0.36 0.36 0.36 0.32 0.32 0.32
0.32 0.32 0.32 0.36 0.36 0.36 0.41 0.41 0.41 0.45 0.45 0.45 0.49 0.49 0.49 0.52 0.52 0.52 0.53 0.53 0.53 0.52 0.52 0.52 0.49 0.49 0.49 0.45 0.45 0.45 0.41 0.41 0.41 0.36 0.36 0.36 0.32 0.32 0.32
0.32 0.32 0.32 0.36 0.36 0.36 0.41 0.41 0.41 0.45 0.45 0.45 0.49 0.49 0.49 0.52 0.52 0.52 0.53 0.53 0.53 0.52 0.52 0.52 0.49 0.49 0.49 0.45 0.45 0.45 0.41 0.41 0.41 0.36 0.36 0.36 0.32 0.32 0.32
0.35 0.35 0.35  0.4  0.4  0.4 0.45 0.45 0.45 0.51 0.51 0.51 0.57 0.57 0.57 0.61 0.61 0.61 0.62 0.62 0.62 0.61 0.61 0.61 0.57 0.57 0.57 0.51 0.51 0.51 0.45 0.45 0.45  0.4  0.4  0.4 0.35 0.35 0.35
0.35 0.35 0.35  0.4  0.4  0.4 0.45 0.45 0.45 0.51 0.51 0.51 0.57 0.57 0.57 0.61 0.61 0.61 0.62 0.62 0.62 0.61 0.61 0.61 0.57 0.57 0.57 0.51 0.51 0.51 0.45 0.45 0.45  0.4  0.4  0.4 0.35 0.35 0.35
0.35 0.35 0.35  0.4  0.4  0.4 0.45 0.45 0.45 0.51 0.51 0.51 0.57 0.57 0.57 0.61 0.61 0.61 0.62 0.62 0.62 0.61 0.61 0.61 0.57 0.57 0.57 0.51 0.51 0.51 0.45 0.45 0.45  0.4  0.4  0.4 0.35 0.35 0.35
0.37 0.37 0.37 0.43 0.43 0.43 0.49 0.49 0.49 0.57 0.57 0.57 0.64 0.64 0.64  0.7  0.7  0.7 0.73 0.73 0.73  0.7  0.7  0.7 0.64 0.64 0.64 0.57 0.57 0.57 0.49 0.49 0.49 0.43 0.43 0.43 0.37 0.37 0.37
0.37 0.37 0.37 0.43 0.43 0.43 0.49 0.49 0.49 0.57 0.57 0.57 0.64 0.64 0.64  0.7  0.7  0.7 0.73 0.73 0.73  0.7  0.7  0.7 0.64 0.64 0.64 0.57 0.57 0.57 0.49 0.49 0.49 0.43 0.43 0.43 0.37 0.37 0.37
0.37 0.37 0.37 0.43 0.43 0.43 0.49 0.49 0.49 0.57 0.57 0.57 0.64 0.64 0.64  0.7  0.7  0.7 0.73 0.73 0.73  0.7  0.7  0.7 0.64 0.64 0.64 0.57 0.57 0.57 0.49 0.49 0.49 0.43 0.43 0.43 0.37 0.37 0.37
0.38 0.38 0.38 0.45 0.45 0.45 0.52 0.52 0.52 0.61 0.61 0.61  0.7  0.7  0.7  0.8  0.8  0.8 0.85 0.85 0.85  0.8  0.8  0.8  0.7  0.7  0.7 0.61 0.61 0.61 0.52 0.52 0.52 0.45 0.45 0.45 0.38 0.38 0.38
0.38 0.38 0.38 0.45 0.45 0.45 0.52 0.52 0.52 0.61 0.61 0.61  0.7  0.7  0.7  0.8  0.8  0.8 0.85 0.85 0.85  0.8  0.8  0.8  0.7  0.7  0.7 0.61 0.61 0.61 0.52 0.52 0.52 0.45 0.45 0.45 0.38 0.38 0.38
0.38 0.38 0.38 0.45 0.45 0.45 0.52 0.52 0.52 0.61 0.61 0.61  0.7  0.7  0.7  0.8  0.8  0.8 0.85 0.85 0.85  0.8  0.8  0.8  0.7  0.7  0.7 0.61 0.61 0.61 0.52 0.52 0.52 0.45 0.45 0.45 0.38 0.38 0.38
0.39 0.39 0.39 0.45 0.45 0.45 0.53 0.53 0.53 0.62 0.62 0.62 0.73 0.73 0.73 0.85 0.85 0.85    1    1    1 0.85 0.85 0.85 0.73 0.73 0.73 0.62 0.62 0.62 0.53 0.53 0.53 0.45 0.45 0.45 0.39 0.39 0.39
0.39 0.39 0.39 0.45 0.45 0.45 0.53 0.53 0.53 0.62 0.62 0.62 0.73 0.73 0.73 0.85 0.85 0.85    1    1    1 0.85 0.85 0.85 0.73 0.73 0.73 0.62 0.62 0.62 0.53 0.53 0.53 0.45 0.45 0.45 0.39 0.39 0.39
0.39 0.39 0.39 0.45 0.45 0.45 0.53 0.53 0.53 0.62 0.62 0.62 0.73 0.73 0.73 0.85 0.85 0.85    1    1    1 0.85 0.85 0.85 0.73 0.73 0.73 0.62 0.62 0.62 0.53 0.53 0.53 0.45 0.45 0.45 0.39 0.39 0.39
0.38 0.38 0.38 0.45 0.45 0.45 0.52 0.52 0.52 0.61 0.61 0.61  0.7  0.7  0.7  0.8  0.8  0.8 0.85 0.85 0.85  0.8  0.8  0.8  0.7  0.7  0.7 0.61 0.61 0.61 0.52 0.52 0.52 0.45 0.45 0.45 0.38 0.38 0.38
0.38 0.38 0.38 0.45 0.45 0.45 0.52 0.52 0.52 0.61 0.61 0.61  0.7  0.7  0.7  0.8  0.8  0.8 0.85 0.85 0.85  0.8  0.8  0.8  0.7  0.7  0.7 0.61 0.61 0.61 0.52 0.52 0.52 0.45 0.45 0.45 0.38 0.38 0.38
0.38 0.38 0.38 0.45 0.45 0.45 0.52 0.52 0.52 0.61 0.61 0.61  0.7  0.7  0.7  0.8  0.8  0.8 0.85 0.85 0.85  0.8  0.8  0.8  0.7  0.7  0.7 0.61 0.61 0.61 0.52 0.52 0.52 0.45 0.45 0.45 0.38 0.38 0.38
0.37 0.37 0.37 0.43 0.43 0.43 0.49 0.49 0.49 0.57 0.57 0.57 0.64 0.64 0.64  0.7  0.7  0.7 0.73 0.73 0.73  0.7  0.7  0.7 0.64 0.64 0.64 0.57 0.57 0.57 0.49 0.49 0.49 0.43 0.43 0.43 0.37 0.37 0.37
0.37 0.37 0.37 0.43 0.43 0.43 0.49 0.49 0.49 0.57 0.57 0.57 0.64 0.64 0.64  0.7  0.7  0.7 0.73 0.73 0.73  0.7  0.7  0.7 0.64 0.64 0.64 0.57 0.57 0.57 0.49 0.49 0.49 0.43 0.43 0.43 0.37 0.37 0.37
0.37 0.37 0.37 0.43 0.43 0.43 0.49 0.49 0.49 0.57 0.57 0.57 0.64 0.64 0.64  0.7  0.7  0.7 0.73 0.73 0.73  0.7  0.7  0.7 0.64 0.64 0.64 0.57 0.57 0.57 0.49 0.49 0.49 0.43 0.43 0.43 0.37 0.37 0.37
0.35 0.35 0.35  0.4  0.4  0.4 0.45 0.45 0.45 0.51 0.51 0.51 0.57 0.57 0.57 0.61 0.61 0.61 0.62 0.62 0.62 0.61 0.61 0.61 0.57 0.57 0.57 0.51 0.51 0.51 0.45 0.45 0.45  0.4  0.4  0.4 0.35 0.35 0.35
0.35 0.35 0.35  0.4  0.4  0.4 0.45 0.45 0.45 0.51 0.51 0.51 0.57 0.57 0.57 0.61 0.61 0.61 0.62 0.62 0.62 0.61 0.61 0.61 0.57 0.57 0.57 0.51 0.51 0.51 0.45 0.45 0.45  0.4  0.4  0.4 0.35 0.35 0.35
0.35 0.35 0.35  0.4  0.4  0.4 0.45 0.45 0.45 0.51 0.51 0.51 0.57 0.57 0.57 0.61 0.61 0.61 0.62 0.62 0.62 0.61 0.61 0.61 0.57 0.57 0.57 0.51 0.51 0.51 0.45 0.45 0.45  0.4  0.4  0.4 0.35 0.35 0.35
0.32 0.32 0.32 0.36 0.36 0.36 0.41 0.41 0.41 0.45 0.45 0.45 0.49 0.49 0.49 0.52 0.52 0.52 0.53 0.53 0.53 0.52 0.52 0.52 0.49 0.49 0.49 0.45 0.45 0.45 0.41 0.41 0.41 0.36 0.36 0.36 0.32 0.32 0.32
0.32 0.32 0.32 0.36 0.36 0.36 0.41 0.41 0.41 0.45 0.45 0.45 0.49 0.49 0.49 0.52 0.52 0.52 0.53 0.53 0.53 0.52 0.52 0.52 0.49 0.49 0.49 0.45 0.45 0.45 0.41 0.41 0.41 0.36 0.36 0.36 0.32 0.32 0.32
0.32 0.32 0.32 0.36 0.36 0.36 0.41 0.41 0.41 0.45 0.45 0.45 0.49 0.49 0.49 0.52 0.52 0.52 0.53 0.53 0.53 0.52 0.52 0.52 0.49 0.49 0.49 0.45 0.45 0.45 0.41 0.41 0.41 0.36 0.36 0.36 0.32 0.32 0.32
0.29 0.29 0.29 0.33 0.33 0.33 0.36 0.36 0.36  0.4  0.4  0.4 0.43 0.43 0.43 0.45 0.45 0.45 0.45 0.45 0.45 0.45 0.45 0.45 0.43 0.43 0.43  0.4  0.4  0.4 0.36 0.36 0.36 0.33 0.33 0.33 0.29 0.29 0.29
0.29 0.29 0.29 0.33 0.33 0.33 0.36 0.36 0.36  0.4  0.4  0.4 0.43 0.43 0.43 0.45 0.45 0.45 0.45 0.45 0.45 0.45 0.45 0.45 0.43 0.43 0.43  0.4  0.4  0.4 0.36 0.36 0.36 0.33 0.33 0.33 0.29 0.29 0.29
0.29 0.29 0.29 0.33 0.33 0.33 0.36 0.36 0.36  0.4  0.4  0.4 0.43 0.43 0.43 0.45 0.45 0.45 0.45 0.45 0.45 0.45 0.45 0.45 0.43 0.43 0.43  0.4  0.4  0.4 0.36 0.36 0.36 0.33 0.33 0.33 0.29 0.29 0.29
0.26 0.26 0.26 0.29 0.29 0.29 0.32 0.32 0.32 0.35 0.35 0.35 0.37 0.37 0.37 0.38 0.38 0.38 0.39 0.39 0.39 0.38 0.38 0.38 0.37 0.37 0.37 0.35 0.35 0.35 0.32 0.32 0.32 0.29 0.29 0.29 0.26 0.26 0.26
0.26 0.26 0.26 0.29 0.29 0.29 0.32 0.32 0.32 0.35 0.35 0.35 0.37 0.37 0.37 0.38 0.38 0.38 0.39 0.39 0.39 0.38 0.38 0.38 0.37 0.37 0.37 0.35 0.35 0.35 0.32 0.32 0.32 0.29 0.29 0.29 0.26 0.26 0.26
0.26 0.26 0.26 0.29 0.29 0.29 0.32 0.32 0.32 0.35 0.35 0.35 0.37 0.37 0.37 0.38 0.38 0.38 0.39 0.39 0.39 0.38 0.38 0.38 0.37 0.37 0.37 0.35 0.35 0.35 0.32 0.32 0.32 0.29 0.29 0.29 0.26 0.26 0.26
Wss: (mWss)
0.069 0.069 0.069 0.085 0.085 0.085   0.1   0.1   0.1  0.12  0.12  0.12  0.14  0.14  0.14  0.15  0.15  0.15  0.15  0.15  0.15  0.15  0.15  0.15  0.14  0.14  0.14  0.12  0.12  0.12   0.1   0.1   0.1 0.085 0.085 0.085 0.069 0.069 0.069
0.069 0.069 0.069 0.085 0.085 0.085   0.1   0.1   0.1  0.12  0.12  0.12  0.14  0.14  0.14  0.15  0.15  0.15  0.15  0.15  0.15  0.15  0.15  0.15  0.14  0.14  0.14  0.12  0.12  0.12   0.1   0.1   0.1 0.085 0.085 0.085 0.069 0.069 0.069
0.069 0.069 0.069 0.085 0.085 0.085   0.1   0.1   0.1  0.12  0.12  0.12  0.14  0.14  0.14  0.15  0.15  0.15  0.15  0.15  0.15  0.15  0.15  0.15  0.14  0.14  0.14  0.12  0.12  0.12   0.1   0.1   0.1 0.085 0.085 0.085 0.069 0.069 0.069
0.085 0.085 0.085  0.11  0.11  0.11  0.13  0.13  0.13  0.16  0.16  0.16  0.18  0.18  0.18   0.2   0.2   0.2  0.21  0.21  0.21   0.2   0.2   0.2  0.18  0.18  0.18  0.16  0.16  0.16  0.13  0.13  0.13  0.11  0.11  0.11 0.085 0.085 0.085
0.085 0.085 0.085  0.11  0.11  0.11  0.13  0.13  0.13  0.16  0.16  0.16  0.18  0.18  0.18   0.2   0.2   0.2  0.21  0.21  0.21   0.2   0.2   0.2  0.18  0.18  0.18  0.16  0.16  0.16  0.13  0.13  0.13  0.11  0.11  0.11 0.085 0.085 0.085
0.085 0.085 0.085  0.11  0.11  0.11  0.13  0.13  0.13  0.16  0.16  0.16  0.18  0.18  0.18   0.2   0.2   0.2  0.21  0.21  0.21   0.2   0.2   0.2  0.18  0.18  0.18  0.16  0.16  0.16  0.13  0.13  0.13  0.11  0.11  0.11 0.085 0.085 0.085
  0.1   0.1   0.1  0.13  0.13  0.13  0.17  0.17  0.17  0.21  0.21  0.21  0.24  0.24  0.24  0.27  0.27  0.27  0.28  0.28  0.28  0.27  0.27  0.27  0.24  0.24  0.24  0.21  0.21  0.21  0.17  0.17  0.17  0.13  0.13  0.13   0.1   0.1   0.1
  0.1   0.1   0.1  0.13  0.13  0.13  0.17  0.17  0.17  0.21  0.21  0.21  0.24  0.24  0.24  0.27  0.27  0.27  0.28  0.28  0.28  0.27  0.27  0.27  0.24  0.24  0.24  0.21  0.21  0.21  0.17  0.17  0.17  0.13  0.13  0.13   0.1   0.1   0.1
  0.1   0.1   0.1  0.13  0.13  0.13  0.17  0.17  0.17  0.21  0.21  0.21  0.24  0.24  0.24  0.27  0.27  0.27  0.28  0.28  0.28  0.27  0.27  0.27  0.24  0.24  0.24  0.21  0.21  0.21  0.17  0.17  0.17  0.13  0.13  0.13   0.1   0.1   0.1
 0.12  0.12  0.12  0.16  0.16  0.16  0.21  0.21  0.21  0.26  0.26  0.26  0.32  0.32  0.32  0.37  0.37  0.37  0.39  0.39  0.39  0.37  0.37  0.37  0.32  0.32  0.32  0.26  0.26  0.26  0.21  0.21  0.21  0.16  0.16  0.16  0.12  0.12  0.12
 0.12  0.12  0.12  0.16  0.16  0.16  0.21  0.21  0.21  0.26  0.26  0.26  0.32  0.32  0.32  0.37  0.37  0.37  0.39  0.39  0.39  0.37  0.37  0.37  0.32  0.32  0.32  0.26  0.26  0.26  0.21  0.21  0.21  0.16  0.16  0.16  0.12  0.12  0.12
 0.12  0.12  0.12  0.16  0.16  0.16  0.21  0.21  0.21  0.26  0.26  0.26  0.32  0.32  0.32  0.37  0.37  0.37  0.39  0.39  0.39  0.37  0.37  0.37  0.32  0.32  0.32  0.26  0.26  0.26  0.21  0.21  0.21  0.16  0.16  0.16  0.12  0.12  0.12
 0.14  0.14  0.14  0.18  0.18  0.18  0.24  0.24  0.24  0.32  0.32  0.32  0.41  0.41  0.41  0.49  0.49  0.49  0.53  0.53  0.53  0.49  0.49  0.49  0.41  0.41  0.41  0.32  0.32  0.32  0.24  0.24  0.24  0.18  0.18  0.18  0.14  0.14  0.14
 0.14  0.14  0.14  0.18  0.18  0.18  0.24  0.24  0.24  0.32  0.32  0.32  0.41  0.41  0.41  0.49  0.49  0.49  0.53  0.53  0.53  0.49  0.49  0.49  0.41  0.41  0.41  0.32  0.32  0.32  0.24  0.24  0.24  0.18  0.18  0.18  0.14  0.14  0.14
 0.14  0.14  0.14  0.18  0.18  0.18  0.24  0.24  0.24  0.32  0.32  0.32  0.41  0.41  0.41  0.49  0.49  0.49  0.53  0.53  0.53  0.49  0.49  0.49  0.41  0.41  0.41  0.32  0.32  0.32  0.24  0.24  0.24  0.18  0.18  0.18  0.14  0.14  0.14
 0.15  0.15  0.15   0.2   0.2   0.2  0.27  0.27  0.27  0.37  0.37  0.37  0.49  0.49  0.49  0.64  0.64  0.64  0.73  0.73  0.73  0.64  0.64  0.64  0.49  0.49  0.49  0.37  0.37  0.37  0.27  0.27  0.27   0.2   0.2   0.2  0.15  0.15  0.15
 0.15  0.15  0.15   0.2   0.2   0.2  0.27  0.27  0.27  0.37  0.37  0.37  0.49  0.49  0.49  0.64  0.64  0.64  0.73  0.73  0.73  0.64  0.64  0.64  0.49  0.49  0.49  0.37  0.37  0.37  0.27  0.27  0.27   0.2   0.2   0.2  0.15  0.15  0.15
 0.15  0.15  0.15   0.2   0.2   0.2  0.27  0.27  0.27  0.37  0.37  0.37  0.49  0.49  0.49  0.64  0.64  0.64  0.73  0.73  0.73  0.64  0.64  0.64  0.49  0.49  0.49  0.37  0.37  0.37  0.27  0.27  0.27   0.2   0.2   0.2  0.15  0.15  0.15
 0.15  0.15  0.15  0.21  0.21  0.21  0.28  0.28  0.28  0.39  0.39  0.39  0.53  0.53  0.53  0.73  0.73  0.73     1     1     1  0.73  0.73  0.73  0.53  0.53  0.53  0.39  0.39  0.39  0.28  0.28  0.28  0.21  0.21  0.21  0.15  0.15  0.15
 0.15  0.15  0.15  0.21  0.21  0.21  0.28  0.28  0.28  0.39  0.39  0.39  0.53  0.53  0.53  0.73  0.73  0.73     1     1     1  0.73  0.73  0.73  0.53  0.53  0.53  0.39  0.39  0.39  0.28  0.28  0.28  0.21  0.21  0.21  0.15  0.15  0.15
 0.15  0.15  0.15  0.21  0.21  0.21  0.28  0.28  0.28  0.39  0.39  0.39  0.53  0.53  0.53  0.73  0.73  0.73     1     1     1  0.73  0.73  0.73  0.53  0.53  0.53  0.39  0.39  0.39  0.28  0.28  0.28  0.21  0.21  0.21  0.15  0.15  0.15
 0.15  0.15  0.15   0.2   0.2   0.2  0.27  0.27  0.27  0.37  0.37  0.37  0.49  0.49  0.49  0.64  0.64  0.64  0.73  0.73  0.73  0.64  0.64  0.64  0.49  0.49  0.49  0.37  0.37  0.37  0.27  0.27  0.27   0.2   0.2   0.2  0.15  0.15  0.15
 0.15  0.15  0.15   0.2   0.2   0.2  0.27  0.27  0.27  0.37  0.37  0.37  0.49  0.49  0.49  0.64  0.64  0.64  0.73  0.73  0.73  0.64  0.64  0.64  0.49  0.49  0.49  0.37  0.37  0.37  0.27  0.27  0.27   0.2   0.2   0.2  0.15  0.15  0.15
 0.15  0.15  0.15   0.2   0.2   0.2  0.27  0.27  0.27  0.37  0.37  0.37  0.49  0.49  0.49  0.64  0.64  0.64  0.73  0.73  0.73  0.64  0.64  0.64  0.49  0.49  0.49  0.37  0.37  0.37  0.27  0.27  0.27   0.2   0.2   0.2  0.15  0.15  0.15
 0.14  0.14  0.14  0.18  0.18  0.18  0.24  0.24  0.24  0.32  0.32  0.32  0.41  0.41  0.41  0.49  0.49  0.49  0.53  0.53  0.53  0.49  0.49  0.49  0.41  0.41  0.41  0.32  0.32  0.32  0.24  0.24  0.24  0.18  0.18  0.18  0.14  0.14  0.14
 0.14  0.14  0.14  0.18  0.18  0.18  0.24  0.24  0.24  0.32  0.32  0.32  0.41  0.41  0.41  0.49  0.49  0.49  0.53  0.53  0.53  0.49  0.49  0.49  0.41  0.41  0.41  0.32  0.32  0.32  0.24  0.24  0.24  0.18  0.18  0.18  0.14  0.14  0.14
 0.14  0.14  0.14  0.18  0.18  0.18  0.24  0.24  0.24  0.32  0.32  0.32  0.41  0.41  0.41  0.49  0.49  0.49  0.53  0.53  0.53  0.49  0.49  0.49  0.41  0.41  0.41  0.32  0.32  0.32  0.24  0.24  0.24  0.18  0.18  0.18  0.14  0.14  0.14
 0.12  0.12  0.12  0.16  0.16  0.16  0.21  0.21  0.21  0.26  0.26  0.26  0.32  0.32  0.32  0.37  0.37  0.37  0.39  0.39  0.39  0.37  0.37  0.37  0.32  0.32  0.32  0.26  0.26  0.26  0.21  0.21  0.21  0.16  0.16  0.16  0.12  0.12  0.12
 0.12  0.12  0.12  0.16  0.16  0.16  0.21  0.21  0.21  0.26  0.26  0.26  0.32  0.32  0.32  0.37  0.37  0.37  0.39  0.39  0.39  0.37  0.37  0.37  0.32  0.32  0.32  0.26  0.26  0.26  0.21  0.21  0.21  0.16  0.16  0.16  0.12  0.12  0.12
 0.12  0.12  0.12  0.16  0.16  0.16  0.21  0.21  0.21  0.26  0.26  0.26  0.32  0.32  0.32  0.37  0.37  0.37  0.39  0.39  0.39  0.37  0.37  0.37  0.32  0.32  0.32  0.26  0.26  0.26  0.21  0.21  0.21  0.16  0.16  0.16  0.12  0.12  0.12
  0.1   0.1   0.1  0.13  0.13  0.13  0.17  0.17  0.17  0.21  0.21  0.21  0.24  0.24  0.24  0.27  0.27  0.27  0.28  0.28  0.28  0.27  0.27  0.27  0.24  0.24  0.24  0.21  0.21  0.21  0.17  0.17  0.17  0.13  0.13  0.13   0.1   0.1   0.1
  0.1   0.1   0.1  0.13  0.13  0.13  0.17  0.17  0.17  0.21  0.21  0.21  0.24  0.24  0.24  0.27  0.27  0.27  0.28  0.28  0.28  0.27  0.27  0.27  0.24  0.24  0.24  0.21  0.21  0.21  0.17  0.17  0.17  0.13  0.13  0.13   0.1   0.1   0.1
  0.1   0.1   0.1  0.13  0.13  0.13  0.17  0.17  0.17  0.21  0.21  0.21  0.24  0.24  0.24  0.27  0.27  0.27  0.28  0.28  0.28  0.27  0.27  0.27  0.24  0.24  0.24  0.21  0.21  0.21  0.17  0.17  0.17  0.13  0.13  0.13   0.1   0.1   0.1
0.085 0.085 0.085  0.11  0.11  0.11  0.13  0.13  0.13  0.16  0.16  0.16  0.18  0.18  0.18   0.2   0.2   0.2  0.21  0.21  0.21   0.2   0.2   0.2  0.18  0.18  0.18  0.16  0.16  0.16  0.13  0.13  0.13  0.11  0.11  0.11 0.085 0.085 0.085
0.085 0.085 0.085  0.11  0.11  0.11  0.13  0.13  0.13  0.16  0.16  0.16  0.18  0.18  0.18   0.2   0.2   0.2  0.21  0.21  0.21   0.2   0.2   0.2  0.18  0.18  0.18  0.16  0.16  0.16  0.13  0.13  0.13  0.11  0.11  0.11 0.085 0.085 0.085
0.085 0.085 0.085  0.11  0.11  0.11  0.13  0.13  0.13  0.16  0.16  0.16  0.18  0.18  0.18   0.2   0.2   0.2  0.21  0.21  0.21   0.2   0.2   0.2  0.18  0.18  0.18  0.16  0.16  0.16  0.13  0.13  0.13  0.11  0.11  0.11 0.085 0.085 0.085
0.069 0.069 0.069 0.085 0.085 0.085   0.1   0.1   0.1  0.12  0.12  0.12  0.14  0.14  0.14  0.15  0.15  0.15  0.15  0.15  0.15  0.15  0.15  0.15  0.14  0.14  0.14  0.12  0.12  0.12   0.1   0.1   0.1 0.085 0.085 0.085 0.069 0.069 0.069
0.069 0.069 0.069 0.085 0.085 0.085   0.1   0.1   0.1  0.12  0.12  0.12  0.14  0.14  0.14  0.15  0.15  0.15  0.15  0.15  0.15  0.15  0.15  0.15  0.14  0.14  0.14  0.12  0.12  0.12   0.1   0.1   0.1 0.085 0.085 0.085 0.069 0.069 0.069
0.069 0.069 0.069 0.085 0.085 0.085   0.1   0.1   0.1  0.12  0.12  0.12  0.14  0.14  0.14  0.15  0.15  0.15  0.15  0.15  0.15  0.15  0.15  0.15  0.14  0.14  0.14  0.12  0.12  0.12   0.1   0.1   0.1 0.085 0.085 0.085 0.069 0.069 0.069
MemSize summary: TOTAL_SIZE = 0 GB, MAX_SIZE = 0 GB.
=== End of SLFusion ===

